.Random.seed <-
c(403L, 10L, -1508593023L, 96288275L, -2041558590L, 477258356L, 
264209527L, 1748127085L, 1902375428L, 703582506L, -1185085803L, 
563637551L, 2145638454L, -1056248736L, -876510557L, 1276753345L, 
-1765506640L, 537845966L, 1643511353L, 1549025355L, -1833373190L, 
-520672004L, -1284587201L, -41239019L, 37190956L, -1615573502L, 
-1249717027L, -1001533481L, -354702658L, -1029985032L, -940764453L, 
-678573767L, -1867084664L, 1466956854L, 1151584369L, -243238237L, 
315023346L, 753791812L, -1130996729L, 1514404317L, 1701922516L, 
316434938L, -1657158331L, -1305538145L, 1315844902L, 1070271408L, 
1407514707L, 824996721L, 1492910752L, 1913714238L, 2124348745L, 
-1584839685L, 838870986L, 713365804L, -653544145L, 1629371365L, 
904430236L, -1590573326L, -729163923L, -1389256537L, 1447699150L, 
-1690087384L, 1020750891L, -1772986807L, -615278760L, -253623802L, 
-990106655L, -613365389L, 685042146L, 833260884L, 448406615L, 
416352333L, 1620413412L, 167963082L, -1456115659L, 776662671L, 
-30031978L, -1240874176L, 1195240963L, 970454049L, -843516144L, 
-373330706L, -84003687L, -705715925L, 1276794906L, -1315024164L, 
1540297439L, -3126091L, 393718348L, 1731614370L, 814005757L, 
-1851631881L, -1259454434L, -232697128L, -553650629L, 824722393L, 
1205350760L, 350242966L, -1422719471L, -1222066237L, -1622244398L, 
-941851036L, 721915303L, 1793532669L, 166500084L, -409320998L, 
-1862859483L, -2137062337L, -745327674L, 1501044816L, -55833485L, 
-1929961327L, 2023981248L, -2106365282L, 673228393L, -997157221L, 
-923075670L, 989552588L, 1457296015L, -1418347835L, 865915516L, 
-408355118L, -659826099L, -1599129849L, 405789422L, -1505488952L, 
-1041035061L, -8621783L, 1729907064L, 2071469734L, -1479423807L, 
-810073773L, 1698311682L, 174552884L, 2127721655L, 85173421L, 
-1700167228L, 2086380010L, 1826274901L, 1773375471L, -852246538L, 
-1671071456L, -1449216285L, -2089332863L, 534419952L, -361445234L, 
-870141959L, -943553141L, 462840250L, -1628757828L, 106497023L, 
1602343253L, 302025324L, -1950163262L, -150697699L, 1248812951L, 
1141873406L, 335364280L, 1736428187L, 249653497L, -770221496L, 
-1650588298L, -683666255L, 1716738275L, 1533433778L, -659421180L, 
1231969095L, -2046004707L, -787101548L, 1685440570L, 548055685L, 
1603918687L, -761646106L, -1108853136L, 1167290771L, -1767688655L, 
-1547719456L, 17464702L, 802205705L, -1734205381L, -1325158902L, 
-1340015124L, -531631505L, 1608727973L, 982875484L, 361595186L, 
1459658797L, -680026393L, 618771470L, 564379112L, 2058250219L, 
-1481852791L, 1927584792L, 1724644166L, -442889823L, -1726760909L, 
555578786L, 1752715412L, 1399224087L, 1977745677L, 1790142500L, 
1488250890L, -736699019L, -1077441329L, -46276650L, -1279271040L, 
-259566653L, -507226783L, -34788400L, 895863598L, 1091417817L, 
-446798613L, 1959208282L, 1495750428L, -1497984481L, -1349733771L, 
-1156940020L, -1923648798L, -582588483L, 362143799L, 1885481694L, 
723719704L, 791689595L, 666972441L, 1897029032L, -1258978986L, 
-1374649903L, -134168189L, 1829322770L, 302710780L, 106030514L, 
1479341552L, 1978764228L, -1920522920L, 543840634L, -741407824L, 
849971644L, 1648310356L, 120698818L, -1746653152L, -392218436L, 
795841104L, 950318050L, 354189416L, 1663845452L, -781772548L, 
558140402L, 120899840L, -372817548L, 1421470728L, -1401651270L, 
-2118503984L, -1735885844L, 594026900L, -14872110L, 182325600L, 
-426127540L, 105404704L, -1011171454L, 831696616L, 109789420L, 
-214485956L, -31507598L, -1853997456L, 1214092324L, 1484540728L, 
581217434L, -1717366064L, 1075806396L, 657534612L, -724027774L, 
-10139456L, 2019435324L, -2065638256L, 110689826L, -1780363256L, 
2139593996L, -630051684L, -397345262L, -991789184L, 1594117652L, 
20687400L, 1781888314L, -1620162096L, -507300756L, 117254452L, 
-62941550L, -669676704L, -1388776628L, -1368508448L, -2026924126L, 
750618536L, -1780339316L, 1324255420L, -1458501262L, -19163920L, 
1294610500L, -93085352L, 1570055738L, -437159056L, 1211906108L, 
2127585044L, 187524546L, 1719106272L, -263547012L, -581378352L, 
2011912354L, 1936428072L, -906238708L, 942827452L, -170432206L, 
-492279360L, -395163084L, -1694753848L, -707053382L, -1168070256L, 
1800098284L, -1991785900L, -40439662L, 350727968L, -436672052L, 
1696175584L, 1574106818L, -339680216L, 1812574892L, 1568138428L, 
-1511462414L, 416330032L, -490957660L, -1219983688L, 811449690L, 
-774867568L, -1787210884L, 328329492L, -493354174L, 686086912L, 
921991100L, 1851907920L, -1680456926L, -1160454840L, -207263220L, 
-1210070948L, -1926660910L, 889002496L, 2133323092L, -693069336L, 
-2053207046L, -1618886448L, -642872020L, 1924113140L, -276883054L, 
-1417628576L, -347298548L, 328930016L, -2029631134L, -1726932312L, 
339083852L, 188117372L, -1829747406L, -313855888L, 64718660L, 
-215417384L, 1233456250L, 665726512L, 1065814716L, -1033068716L, 
189928514L, 1795521952L, -549893444L, 595999184L, -1806041758L, 
-460328984L, -1534916660L, 873680636L, -768892430L, -979662720L, 
-531364620L, -948042104L, 530011962L, -163286192L, -193337748L, 
762773652L, 1317245266L, -1679704352L, 50934476L, -1904938848L, 
623459202L, 1144845032L, -1572433172L, 972463164L, 584225394L, 
-1079544720L, -760035804L, -1957018568L, -1842857958L, 1254480592L, 
237130812L, -1900534636L, 731552898L, 313608128L, -898180804L, 
-1613639024L, -275534814L, 661013512L, 1532987532L, -1667417060L, 
-1024436590L, 1387496576L, -807432172L, 1600120104L, 1983532602L, 
-503159600L, 1145754732L, -1084542284L, -1914628078L, -1951365152L, 
1965731788L, -1703572000L, -2095202782L, -1909970648L, 1593741580L, 
1609000508L, -1712385806L, -5231888L, 1424020292L, -2100438440L, 
1699578426L, -1160313104L, 1774914748L, 195235348L, -658538302L, 
1543381088L, -1946178180L, 1843477712L, -1405662174L, 970144424L, 
2046410636L, -405628484L, -1746959310L, -2037741760L, 1647237300L, 
757445448L, -235713862L, 115937040L, -956188436L, 2107528276L, 
1884075794L, -956943456L, 361865164L, -1175147680L, 1086415042L, 
-1185003992L, -924510804L, 852086588L, -381460622L, -1792511184L, 
1073409660L, -1795631379L, 1604886935L, -44111264L, -1224302530L, 
-880350965L, -964367475L, -76535622L, 1158934264L, -1572625247L, 
-609877933L, 1820207988L, 1528355074L, -1140819561L, 1428153185L, 
-1411237978L, -2043768412L, -747091883L, 828562687L, 1220764056L, 
19692214L, 1297322819L, -2139419003L, 1993130786L, 255129616L, 
1895580601L, 375137387L, 1502639964L, 56512138L, 1396480639L, 
1215300553L, -1779195810L, -750501108L, 933522141L, -1299151897L, 
-1305454576L, 619984174L, -1637479973L, -1037447491L, -1362740182L, 
996228296L, 45734385L, -275998877L, -367997084L, -227367278L, 
-2098232473L, -1081922255L, -1814657418L, -396789868L, 168231845L, 
-1421495121L, -1076696728L, 882118982L, -694785805L, -1875610027L, 
1489508914L, 914958336L, 387955945L, -1927857317L, 308633004L, 
-1935686214L, 692093807L, 702043385L, 1568459150L, 1113603164L, 
844074701L, -907990473L, -1599905600L, -21794914L, -482986901L, 
-1145990163L, -1085032870L, 1531345176L, -1928149375L, 952196147L, 
1475013204L, -1866277278L, -1712426761L, 742859585L, 2078972358L, 
1730765572L, 541574837L, -865504865L, 642166264L, -1741872170L, 
1431502435L, -1882128859L, -1206088254L, -1700543824L, 1712982745L, 
313158731L, 2121052860L, 508145898L, -222073569L, -275122775L, 
-1481206978L, 1037708844L, 904191101L, 1617225415L, 1399644080L, 
-1054936626L, -141448453L, -693470883L, 1885227658L, 1434122408L, 
1884228625L, 915922179L, -1869598716L, 1683488818L, 1120872583L, 
-348609327L, 2089746006L, -799322572L, 1920673093L, 152102799L, 
-852749560L, -40463066L, 1417317843L, -28424395L, 1683836562L, 
1731689056L, 277830601L, -1481647365L, 728786124L, 1514650970L, 
340906063L, -732332775L, -1160857810L, 168479036L, 12730029L, 
-1460831913L, -2003437408L, -111311362L, -539191093L, 1626105549L, 
-800460294L, -128562632L, -1593456671L, 904462483L, 1155474100L, 
